   -0.03600786
    0.03020828
   -0.06335440
    0.02080729
    0.03964238
    0.06183156
    0.02616620
    0.03809793
    0.00815193
    0.04606273
    0.05650751
   -0.10988544
    0.05315044
    0.04790758
    0.02661210
   -0.11868594
    0.05272269
    0.05214731
    0.04662558
    0.01576528
   -0.03390054
   -0.03784529
   -0.02682332
    0.03820339
   -0.02498890
    0.04568422
   -0.02501165
    0.03747643
    0.04215979
    0.03975183
    1.11497138
   -0.62143547
   -0.59944247
   -0.09475206
   -0.02667612
   -0.02769094
   -0.03175813
    0.05575507
   -0.03284506
    0.05361468
    0.03667589
    0.06877250
    0.06531538
   -0.12228460
    0.06641685
    0.06167095
    0.07244193
   -0.31157535
   -0.29361907
   -0.45412857
   -0.27961462
   -0.44958389
    0.13495436
   -0.08179486
   -0.03675275
   -0.08321816
    0.13837449
    0.00093481
    0.11033306
   -0.11351820
    0.13281850
   -0.00153710
   -0.04112618
   -0.03046614
   -0.03216320
   -0.03009289
   -0.02921446
   -0.00561090
   -0.03409314
   -0.03037436
   -0.03074781
   -0.02907726
   -0.03029159
    0.11039923
   -0.11275156
    0.13297000
   -0.00100544
   -0.02896854
   -0.02986529
   -0.03171227
   -0.03008186
   -0.04061649
   -0.00431601
   -0.03255146
   -0.02927324
   -0.03084388
   -0.02905250
   -0.02930961
    0.30500448
    0.30646207
    0.04095062
    0.04556254
    0.04361266
    0.02619881
    0.06157945
    0.04960591
    0.04549515
    0.02511305
    0.03685287
    0.03908394
    0.04112727
    0.05617477
    0.01532368
    0.03072229
    0.03711856
    0.03941958
    0.04648651
    0.02386677
    0.06132107
    0.05011726
    0.04573923
    0.05472584
    0.04064636
    0.03916771
    0.03708566
    0.02442919
    0.01661245
    0.02685325
    0.03796597
    0.04105353
    0.04504435
   -0.29938240
    0.17309478
