           1           2  0.98161308996701524     
           2           3  0.95053664407311711     
           3           4   1.0030369289281060     
           1           5   1.0097703558090820     
           3           6  0.96702287964133604     
           4           7  0.96443424326660909     
           4           8  0.96624496602604937     
           5           9  0.95285866529352470     
           5          10  0.96311358715685313     
           3          11  0.97417418640291720     
           2          12  0.99041822822476777     
          12          13  0.97877878306041888     
          12          14  0.98273491279581404     
          12          15  0.97774059098852728     
           2          16  0.99891324461899289     
          16          17  0.98264753977526220     
          16          18  0.98124110833388811     
          16          19  0.98213556962079096     
           1          20   1.1051918548141979     
          20          21   1.3466258327193847     
          20          22   1.3527778535736166     
          21          23   1.4587083917273636     
          22          23  0.10214932769313603     
          21          24  0.96618358141809679     
          21          25  0.10291994616337130     
          22          25   1.4588830990298101     
          22          26  0.96532697933717271     
          23          27   1.4253994351732164     
          25          27   1.4227552265828562     
          23          28  0.96846756720508409     
          25          29  0.96951333591813416     
          27          30  0.97093232055868106     
          31          32   1.5758569410265446     
          31          33   1.6089572156570522     
          32          33  0.10303482943590378     
          31          34  0.74824657869973499     
          34          35   1.4064651779604642     
          34          36   1.4148860614933731     
          35          37   1.4544215982825195     
          36          37  0.10635861100621308     
          35          38  0.96566989098848088     
          35          39  0.10528357958903273     
          36          39   1.4430496323462461     
          36          40  0.96479574987853589     
          34          41  0.10133172817654473     
          37          41   1.3961271570641052     
          39          41   1.4058026626750331     
          37          42  0.96543112818351218     
          39          43  0.96514594899626638     
          41          44   1.0338771447197048     
          44          45  0.97312257856226014     
          44          46  0.98195199835509106     
          44          47  0.95927569925315881     
           4          48  0.98736021305199295     
           5          48  0.95392370644008506     
          31          48  0.87546445665989425     
          49          53   1.0643582823993825     
          53          54   1.3620671165266958     
          54          55   1.4367404225992804     
          55          56   1.4329208673905518     
          51          57   1.0719587743601384     
          56          57   1.3640359613442925     
          53          58   1.3278874630574928     
          57          58   1.3247454083801757     
          49          59  0.93979480154848682     
          59          60   1.0020209453957645     
          50          61  0.98685265493921737     
          59          61  0.93748644627670341     
          61          62  0.96275612653556220     
          62          63   1.4093701718449909     
          63          64   1.4488314804562854     
          62          65  0.10942001506095436     
          64          65   1.4342982293374300     
          63          66  0.11173610149740019     
          65          66   1.4423784782312179     
          62          67   1.4158445879118733     
          64          67  0.11060155098180212     
          66          67   1.4395405214483181     
          61          68  0.96078643810304754     
          68          69   1.4195788943276764     
          69          70   1.4371498313144209     
          68          71  0.11014829329539678     
          70          71   1.4436308720618547     
          69          72  0.11011086367135414     
          71          72   1.4338154936651886     
          68          73   1.4089189045892081     
          70          73  0.11224732331304606     
          72          73   1.4501455614510614     
          51          74  0.94345222248186955     
          74          75   1.0001175819990209     
          52          76  0.98377440496636948     
          74          76  0.94234061278898984     
          76          77  0.96425138672019450     
          77          78   1.4184207284429740     
          78          79   1.4377132144827467     
          77          80  0.10952110045671218     
          79          80   1.4437490098397652     
          78          81  0.11040509194634170     
          80          81   1.4332655615530516     
          77          82   1.4077995829984888     
          79          82  0.11211821479306490     
          81          82   1.4502115765578507     
          76          83  0.96079903489023066     
          83          84   1.4220005811862664     
          84          85   1.4344983168392536     
          83          86  0.11009531927795958     
          85          86   1.4446466727139395     
          84          87  0.10988334748976872     
          86          87   1.4323710802184666     
          83          88   1.4074852168693124     
          85          88  0.11255873257271654     
          87          88   1.4516488479781893     
          50          89  0.87345263255159167     
          52          90  0.88514733381394928     
          54          91  0.96083987136734161     
          55          92  0.96987308275138540     
          56          93  0.96037233741906869     
          59          94  0.95194998328293456     
          60          95  0.97630431820320729     
          60          96  0.98145583584283769     
          60          97  0.97890900113316093     
          63          98  0.96732792121265920     
          64          99  0.97071081670766557     
          65         100  0.97077447900001312     
          66         101  0.97006422926631064     
          67         102  0.96503477573958907     
          69         103  0.96436337950254480     
          70         104  0.97114829614378639     
          71         105  0.97087348785442462     
          72         106  0.97025715871203699     
          73         107  0.96714861424691945     
          74         108  0.95100146919563788     
          75         109  0.98261396382461896     
          75         110  0.98273637308639405     
          75         111  0.98299943141747437     
          78         112  0.96558270945959579     
          79         113  0.97017575118106580     
          80         114  0.97078648422653446     
          81         115  0.97065972448437998     
          82         116  0.96769706241708431     
          84         117  0.96621097224073882     
          85         118  0.97115553837249868     
          86         119  0.97077818689058326     
          87         120  0.97014949465566214     
          88         121  0.96791654623680146     
           1         122  0.12351728363295555     
          58         122   1.0397826245112749     
           1         123  0.27169722845876615     
         122         123  0.66523505613720513     
